xx = [2
3
4
5
6
7
8
9
10];
yy = [0.6387
0.7216
0.7339
0.7544
0.7672
0.7891
0.8133
0.7552
0.7878
];
